 0.0000  1916.5777  2253.2110  1506.4510  2404.8393  694.9365  2164.8550  2526.5623  1808.5196  2703.4022  2086.8451  1853.6171  2456.2626  1649.6191  361.5389  955.8022  2430.2688  1735.9372  2036.1279  1589.8357 
 1916.5777  0.0000  918.5617  674.4791  496.4225  2090.0887  922.3183  1095.6566  348.2726  1368.2669  936.2505  830.3636  999.5007  305.3134  1661.7776  1066.5632  963.0437  601.9919  700.4369  1039.7705 
 2253.2110  918.5617  0.0000  768.1642  875.2542  2128.8283  104.6478  273.4107  651.1181  494.2226  198.9058  403.8659  210.7656  1125.0412  2125.5121  1301.5105  194.5945  552.4231  255.6551  728.3743 
 1506.4510  674.4791  768.1642  0.0000  1038.6235  1503.7938  694.9153  1038.6448  378.5906  1250.9625  636.9047  406.3387  960.3461  642.2094  1358.2127  551.6301  931.7150  229.4867  533.1562  405.0907 
 2404.8393  496.4225  875.2542  1038.6235  0.0000  2528.4793  933.1961  926.6268  660.5174  1188.5494  992.3381  1005.7609  844.1663  795.2137  2157.5169  1519.1739  813.5515  871.6398  775.2390  1311.2107 
 694.9365  2090.0887  2128.8283  1503.7938  2528.4793  0.0000  2027.3189  2388.6893  1872.6959  2503.8280  1936.3045  1733.1317  2339.5087  1891.1656  986.8150  1024.5659  2321.8732  1712.1357  1967.2558  1401.3214 
 2164.8550  922.3183  104.6478  694.9153  933.1961  2027.3189  0.0000  365.6855  627.1151  556.0708  94.2588  311.3072  312.8831  1104.5741  2047.1216  1216.8682  298.8487  491.1126  225.8955  626.1550 
 2526.5623  1095.6566  273.4107  1038.6448  926.6268  2388.6893  365.6855  0.0000  879.9795  274.3107  453.2585  675.3440  96.2744  1337.6476  2396.7941  1574.8223  132.7684  818.1229  512.3966  987.8647 
 1808.5196  348.2726  651.1181  378.5906  660.5174  1872.6959  627.1151  879.9795  0.0000  1137.3349  620.4881  485.5564  786.5961  477.4591  1608.0824  880.0729  751.4615  254.9977  402.3291  700.8213 
 2703.4022  1368.2669  494.2226  1250.9625  1188.5494  2503.8280  556.0708  274.3107  1137.3349  0.0000  621.3306  858.3310  369.5328  1603.1651  2600.0784  1764.7912  405.7886  1043.4845  749.6019  1124.7784 
 2086.8451  936.2505  198.9058  636.9047  992.3381  1936.3045  94.2588  453.2585  620.4881  621.3306  0.0000  237.0703  405.8976  1094.9061  1978.9431  1143.7911  392.9046  450.2586  238.9440  535.0245 
 1853.6171  830.3636  403.8659  406.3387  1005.7609  1733.1317  311.3072  675.3440  485.5564  858.3310  237.0703  0.0000  613.0387  932.2173  1741.8728  907.4332  592.0279  255.8823  255.0304  345.8738 
 2456.2626  999.5007  210.7656  960.3461  844.1663  2339.5087  312.8831  96.2744  786.5961  369.5328  405.8976  613.0387  0.0000  1241.9612  2318.0762  1502.1400  36.4947  736.3757  429.1081  938.7463 
 1649.6191  305.3134  1125.0412  642.2094  795.2137  1891.1656  1104.5741  1337.6476  477.4591  1603.1651  1094.9061  932.2173  1241.9612  0.0000  1375.6346  874.5183  1205.7466  677.0610  879.5649  1046.1189 
 361.5389  1661.7776  2125.5121  1358.2127  2157.5169  986.8150  2047.1216  2396.7941  1608.0824  2600.0784  1978.9431  1741.8728  2318.0762  1375.6346  0.0000  841.6241  2288.7479  1582.3695  1889.5284  1530.5702 
 955.8022  1066.5632  1301.5105  551.6301  1519.1739  1024.5659  1216.8682  1574.8223  880.0729  1764.7912  1143.7911  907.4332  1502.1400  874.5183  841.6241  0.0000  1475.4795  780.9512  1080.3739  694.0090 
 2430.2688  963.0437  194.5945  931.7150  813.5515  2321.8732  298.8487  132.7684  751.4615  405.7886  392.9046  592.0279  36.4947  1205.7466  2288.7479  1475.4795  0.0000  706.5024  399.2255  922.3145 
 1735.9372  601.9919  552.4231  229.4867  871.6398  1712.1357  491.1126  818.1229  254.9977  1043.4845  450.2586  255.8823  736.3757  677.0610  1582.3695  780.9512  706.5024  0.0000  307.3289  450.3983 
 2036.1279  700.4369  255.6551  533.1562  775.2390  1967.2558  225.8955  512.3966  402.3291  749.6019  238.9440  255.0304  429.1081  879.5649  1889.5284  1080.3739  399.2255  307.3289  0.0000  598.5410 
 1589.8357  1039.7705  728.3743  405.0907  1311.2107  1401.3214  626.1550  987.8647  700.8213  1124.7784  535.0245  345.8738  938.7463  1046.1189  1530.5702  694.0090  922.3145  450.3983  598.5410  0.0000 
