 0.0000  1216.8682  94.2588  311.3072  409.3543  298.8487  922.3183  1743.4317  1009.6893  1104.5741 
 1216.8682  0.0000  1143.7911  907.4332  1625.8697  1475.4795  1066.5632  593.4219  663.8763  874.5183 
 94.2588  1143.7911  0.0000  237.0703  489.5645  392.9046  936.2505  1682.4890  982.7379  1094.9061 
 311.3072  907.4332  237.0703  0.0000  720.4688  592.0279  830.3636  1447.1043  790.1214  932.2173 
 409.3543  1625.8697  489.5645  720.4688  0.0000  215.5610  1178.4390  2143.5653  1362.8745  1417.0724 
 298.8487  1475.4795  392.9046  592.0279  215.5610  0.0000  963.0437  1968.6886  1161.6763  1205.7466 
 922.3183  1066.5632  936.2505  830.3636  1178.4390  963.0437  0.0000  1304.0434  423.7053  305.3134 
 1743.4317  593.4219  1682.4890  1447.1043  2143.5653  1968.6886  1304.0434  0.0000  895.0910  1017.3316 
 1009.6893  663.8763  982.7379  790.1214  1362.8745  1161.6763  423.7053  895.0910  0.0000  221.4220 
 1104.5741  874.5183  1094.9061  932.2173  1417.0724  1205.7466  305.3134  1017.3316  221.4220  0.0000 
