 0.0000  298.8487  559.7676  922.3183  2164.8550  1084.5003  104.6478  311.3072  312.8831  1009.6893  365.6855  556.0708  2047.1216  627.1151  626.1550 
 298.8487  0.0000  540.7389  963.0437  2430.2688  923.2229  194.5945  592.0279  36.4947  1161.6763  132.7684  405.7886  2288.7479  751.4615  922.3145 
 559.7676  540.7389  0.0000  426.1878  2140.9778  592.5679  527.3010  597.5974  576.9632  709.0215  672.5908  946.4955  1936.5720  332.4645  908.7716 
 922.3183  963.0437  426.1878  0.0000  1916.5777  675.7506  918.5617  830.3636  999.5007  423.7053  1095.6566  1368.2669  1661.7776  348.2726  1039.7705 
 2164.8550  2430.2688  2140.9778  1916.5777  0.0000  2591.4470  2253.2110  1853.6171  2456.2626  1493.8426  2526.5623  2703.4022  361.5389  1808.5196  1589.8357 
 1084.5003  923.2229  592.5679  675.7506  2591.4470  0.0000  1015.1651  1186.8582  949.5670  1097.6082  1021.6110  1266.8510  2335.8157  858.2512  1500.7747 
 104.6478  194.5945  527.3010  918.5617  2253.2110  1015.1651  0.0000  403.8659  210.7656  1049.2665  273.4107  494.2226  2125.5121  651.1181  728.3743 
 311.3072  592.0279  597.5974  830.3636  1853.6171  1186.8582  403.8659  0.0000  613.0387  790.1214  675.3440  858.3310  1741.8728  485.5564  345.8738 
 312.8831  36.4947  576.9632  999.5007  2456.2626  949.5670  210.7656  613.0387  0.0000  1196.4892  96.2744  369.5328  2318.0762  786.5961  938.7463 
 1009.6893  1161.6763  709.0215  423.7053  1493.8426  1097.6082  1049.2665  790.1214  1196.4892  0.0000  1288.9662  1541.2734  1249.7628  411.1134  851.8228 
 365.6855  132.7684  672.5908  1095.6566  2526.5623  1021.6110  273.4107  675.3440  96.2744  1288.9662  0.0000  274.3107  2396.7941  879.9795  987.8647 
 556.0708  405.7886  946.4955  1368.2669  2703.4022  1266.8510  494.2226  858.3310  369.5328  1541.2734  274.3107  0.0000  2600.0784  1137.3349  1124.7784 
 2047.1216  2288.7479  1936.5720  1661.7776  361.5389  2335.8157  2125.5121  1741.8728  2318.0762  1249.7628  2396.7941  2600.0784  0.0000  1608.0824  1530.5702 
 627.1151  751.4615  332.4645  348.2726  1808.5196  858.2512  651.1181  485.5564  786.5961  411.1134  879.9795  1137.3349  1608.0824  0.0000  700.8213 
 626.1550  922.3145  908.7716  1039.7705  1589.8357  1500.7747  728.3743  345.8738  938.7463  851.8228  987.8647  1124.7784  1530.5702  700.8213  0.0000 
